[gd_scene load_steps=5 format=2]

[ext_resource path="res://world/world.gd" type="Script" id=1]

[sub_resource type="CubeMesh" id=1]
size = Vector3( 400, 1, 400 )

[sub_resource type="BoxShape" id=2]
extents = Vector3( 200, 1, 200 )

[sub_resource type="BoxShape" id=3]
extents = Vector3( 300, 100, 300 )

[node name="world" type="Spatial"]
script = ExtResource( 1 )

[node name="directional_light" type="DirectionalLight" parent="."]
transform = Transform( 1, 0, 0, 0, 0.707107, 0.707107, 0, -0.707107, 0.707107, 0, 10, 0 )
light_energy = 0.5
shadow_enabled = true

[node name="directional_light2" type="DirectionalLight" parent="."]
transform = Transform( -4.37114e-08, -0.707107, 0.707107, 0, 0.707107, 0.707107, -1, 3.09086e-08, -3.09086e-08, 0, 10, 0 )
light_energy = 0.5

[node name="directional_light3" type="DirectionalLight" parent="."]
transform = Transform( -1, 6.18173e-08, -6.18173e-08, 0, 0.707107, 0.707107, 8.74228e-08, 0.707107, -0.707107, 0, 10, 0 )
light_energy = 0.5

[node name="directional_light4" type="DirectionalLight" parent="."]
transform = Transform( 1.19249e-08, 0.707107, -0.707107, 0, 0.707107, 0.707107, 1, -8.43217e-09, 8.43217e-09, 0, 10, 0 )
light_energy = 0.5

[node name="ground" type="StaticBody" parent="."]
transform = Transform( 1, 0, 0, 0, 1, 0, 0, 0, 1, 0, -300, 0 )

[node name="CSGMesh" type="MeshInstance" parent="ground"]
visible = false
mesh = SubResource( 1 )
material/0 = null

[node name="CollisionShape" type="CollisionShape" parent="ground"]
shape = SubResource( 2 )

[node name="area" type="Area" parent="."]
collision_layer = 2
collision_mask = 63

[node name="collision" type="CollisionShape" parent="area"]
transform = Transform( 1, 0, 0, 0, 1, 0, 0, 0, 1, 0, -200, 0 )
shape = SubResource( 3 )

[connection signal="body_entered" from="area" to="." method="_on_area_body_entered"]
